  (0, 2)	1
  (0, 8)	1
  (0, 9)	1
  (1, 2)	1
  (1, 8)	1
  (1, 9)	1
  (2, 0)	1
  (3, 3)	1
  (4, 3)	1
  (4, 7)	1
  (5, 2)	1
  (5, 8)	1
  (5, 9)	1
  (6, 6)	1
  (7, 4)	1
  (8, 0)	1
  (9, 4)	1
  (10, 7)	1
  (11, 0)	1
  (12, 6)	1
  (13, 6)	1
  (13, 7)	1
  (14, 0)	1
  (14, 1)	1
  (14, 9)	1
  :	:
  (84, 1)	1
  (84, 5)	1
  (84, 6)	1
  (84, 8)	1
  (85, 3)	1
  (86, 4)	1
  (87, 0)	1
  (88, 4)	1
  (89, 1)	1
  (90, 4)	1
  (90, 6)	1
  (90, 8)	1
  (91, 3)	1
  (92, 0)	1
  (92, 6)	1
  (93, 2)	1
  (94, 6)	1
  (95, 1)	1
  (95, 2)	1
  (96, 6)	1
  (97, 0)	1
  (97, 4)	1
  (97, 8)	1
  (98, 6)	1
  (99, 1)	1  (0, 2)	1
  (0, 8)	1
  (0, 9)	1
  (1, 2)	1
  (1, 8)	1
  (1, 9)	1
  (2, 0)	1
  (3, 3)	1
  (4, 3)	1
  (4, 7)	1
  (5, 2)	1
  (5, 8)	1
  (5, 9)	1
  (6, 6)	1
  (7, 4)	1
  (8, 0)	1
  (9, 4)	1
  (10, 7)	1
  (11, 6)	1
  (12, 6)	1
  (13, 6)	1
  (14, 0)	1
  (15, 1)	1
  (15, 2)	1
  (15, 8)	1
  :	:
  (83, 0)	1
  (84, 1)	1
  (84, 5)	1
  (85, 3)	1
  (86, 4)	1
  (87, 0)	1
  (88, 4)	1
  (89, 0)	1
  (89, 1)	1
  (89, 5)	1
  (90, 4)	1
  (90, 6)	1
  (90, 8)	1
  (91, 3)	1
  (92, 6)	1
  (93, 2)	1
  (93, 8)	1
  (93, 9)	1
  (94, 6)	1
  (95, 1)	1
  (95, 2)	1
  (96, 6)	1
  (97, 10)	1
  (98, 6)	1
  (99, 1)	1