  (0, 7)	1
  (1, 1)	1
  (1, 8)	1
  (2, 6)	1
  (2, 8)	1
  (3, 6)	1
  (4, 9)	1
  (5, 9)	1
  (6, 4)	1
  (7, 4)	1
  (8, 5)	1
  (9, 1)	1
  (10, 0)	1
  (10, 1)	1
  (11, 4)	1
  (12, 3)	1
  (13, 1)	1
  (14, 8)	1
  (15, 0)	1
  (16, 7)	1
  (17, 0)	1
  (17, 2)	1
  (17, 5)	1
  (17, 7)	1
  (17, 8)	1
  :	:
  (278, 1)	1
  (278, 8)	1
  (279, 4)	1
  (280, 3)	1
  (281, 1)	1
  (281, 3)	1
  (281, 5)	1
  (281, 8)	1
  (282, 3)	1
  (283, 2)	1
  (283, 4)	1
  (283, 5)	1
  (284, 0)	1
  (285, 4)	1
  (285, 9)	1
  (286, 5)	1
  (287, 6)	1
  (288, 2)	1
  (288, 3)	1
  (288, 8)	1
  (288, 9)	1
  (289, 7)	1
  (290, 4)	1
  (291, 2)	1
  (291, 3)	1  (0, 7)	1
  (1, 1)	1
  (2, 8)	1
  (3, 0)	1
  (3, 1)	1
  (3, 3)	1
  (4, 9)	1
  (5, 9)	1
  (6, 4)	1
  (7, 4)	1
  (8, 0)	1
  (9, 1)	1
  (10, 7)	1
  (11, 4)	1
  (12, 3)	1
  (13, 1)	1
  (14, 8)	1
  (15, 0)	1
  (16, 6)	1
  (17, 0)	1
  (17, 1)	1
  (17, 5)	1
  (17, 7)	1
  (18, 0)	1
  (18, 2)	1
  :	:
  (277, 2)	1
  (277, 4)	1
  (277, 5)	1
  (278, 1)	1
  (279, 4)	1
  (280, 3)	1
  (281, 0)	1
  (281, 3)	1
  (282, 3)	1
  (283, 2)	1
  (283, 4)	1
  (283, 5)	1
  (284, 0)	1
  (285, 4)	1
  (285, 9)	1
  (286, 5)	1
  (287, 6)	1
  (288, 2)	1
  (288, 3)	1
  (288, 8)	1
  (288, 9)	1
  (289, 7)	1
  (290, 4)	1
  (291, 1)	1
  (291, 2)	1